9 0.139198
13 0.13978
16 0.127989
14 0.161485
17 0.11893
14 0.14136
14 0.149785
13 0.118828
21 0.131117
17 0.120522
14 0.126614
17 0.13372
12 0.126121
13 0.164876
20 0.131736
17 0.127382
18 0.14174
11 0.139558
21 0.132591
19 0.131862
20 0.125855
13 0.128458
12 0.122532
13 0.129169
18 0.165676
15 0.14358
17 0.136103
14 0.116668
14 0.134095
13 0.157706
16 0.132935
22 0.131199
17 0.132753
19 0.145434
12 0.143687
14 0.148452
21 0.127437
18 0.115249
18 0.119931
13 0.140256
10 0.149678
12 0.15925
14 0.141333
16 0.140195
21 0.130018
14 0.145421
18 0.123889
20 0.131879
13 0.162476
11 0.130121
15 0.138982
15 0.140934
18 0.144987
18 0.12567
19 0.127163
15 0.14262
17 0.129274
23 0.132938
21 0.131446
23 0.125433
11 0.141072
24 0.128395
19 0.124287
18 0.149609
11 0.125827
16 0.125543
15 0.137664
15 0.125888
12 0.136358
20 0.131071
21 0.132595
14 0.129193
14 0.135537
18 0.132322
10 0.13949
12 0.194192
10 0.152932
17 0.147469
19 0.137881
15 0.144238
17 0.136508
15 0.138934
18 0.125261
22 0.132928
17 0.128146
23 0.132485
12 0.116896
14 0.13825
11 0.132891
21 0.128596
11 0.14603
17 0.13911
18 0.129219
16 0.13895
16 0.137639
16 0.147437
16 0.13879
16 0.127054
20 0.130756
It costs : 190000 ms.
