16 0.123721
20 0.121244
14 0.13494
21 0.134723
17 0.121356
18 0.127856
22 0.129945
14 0.128223
17 0.134128
14 0.140576
20 0.136622
16 0.131474
18 0.128969
18 0.152471
18 0.124703
18 0.133909
15 0.142888
11 0.128682
18 0.128118
20 0.124845
17 0.130892
12 0.141573
16 0.137829
15 0.111752
16 0.145224
18 0.136533
17 0.1227
11 0.141763
19 0.145782
21 0.134905
18 0.133225
15 0.128922
21 0.10904
14 0.149633
19 0.124683
15 0.117892
20 0.120074
17 0.145108
17 0.120375
11 0.116656
15 0.131329
10 0.17985
18 0.12517
18 0.130502
13 0.123691
12 0.132743
18 0.13198
18 0.13006
16 0.148784
11 0.124657
21 0.133509
13 0.141443
12 0.116846
18 0.132881
22 0.124217
21 0.127236
16 0.131147
16 0.13175
18 0.134227
17 0.130293
17 0.121324
12 0.149672
13 0.133098
17 0.141956
11 0.146779
22 0.124171
12 0.169912
12 0.125345
11 0.165096
14 0.128054
15 0.131769
16 0.150577
15 0.125099
17 0.126315
20 0.131215
13 0.143388
14 0.146819
16 0.120543
20 0.138363
19 0.127176
20 0.130642
20 0.129695
17 0.123308
17 0.129999
15 0.148463
20 0.141599
16 0.137303
14 0.130525
10 0.117421
11 0.129488
16 0.120757
17 0.125393
16 0.137187
10 0.131414
20 0.133711
15 0.144834
18 0.118623
17 0.127018
18 0.12466
It costs : 180000 ms.
