20 0.129118
13 0.148952
16 0.111883
13 0.114772
16 0.129837
14 0.137118
18 0.138254
18 0.14188
16 0.132869
12 0.132411
13 0.159585
16 0.132951
16 0.143589
21 0.123217
16 0.133954
16 0.153458
12 0.116338
17 0.151618
18 0.140641
23 0.123826
14 0.138546
21 0.131472
16 0.135123
13 0.123409
17 0.143199
15 0.130856
21 0.131742
13 0.139396
18 0.126473
14 0.122823
17 0.14408
11 0.136472
18 0.129568
18 0.138492
21 0.131581
19 0.135499
12 0.120897
13 0.128332
20 0.129826
15 0.127525
12 0.138786
17 0.128421
15 0.144849
21 0.130349
16 0.143284
19 0.116066
16 0.14874
19 0.133341
18 0.134994
16 0.182656
17 0.128468
13 0.156791
10 0.140465
13 0.139447
13 0.13531
18 0.130315
14 0.126526
18 0.131661
16 0.132513
19 0.137339
18 0.143063
19 0.126761
12 0.117267
18 0.148612
12 0.134754
20 0.130834
15 0.125559
16 0.129324
14 0.12862
13 0.12852
15 0.130184
19 0.126366
16 0.143631
12 0.166784
12 0.139854
16 0.120103
11 0.14117
19 0.132301
20 0.130416
17 0.132486
14 0.139054
15 0.124536
13 0.131434
8 0.141018
16 0.128721
14 0.139961
14 0.115883
15 0.150978
18 0.11891
13 0.121621
13 0.127027
19 0.130073
17 0.134913
14 0.152665
10 0.151173
16 0.132608
15 0.126907
16 0.154667
11 0.137265
It costs : 180000 ms.
