B= 462 W= 86.1146
7 0.0413441 1
9 -0.1288 1
4 -0.148779 1
3 -0.156941 1
8 -0.213679 1
2 -0.341301 0
5 -0.431001 1
6 -0.546238 1
1 -0.640666 2
correlation = 0.123669

B= 452 W= 98.7902
8 0.206509 1
7 0.0706469 1
9 -0.223154 0
6 -0.300504 0
5 -0.327815 1
3 -0.329627 0
4 -0.360161 0
2 -0.51811 0
1 -0.763974 1
correlation = 0.110381

B= 495 W= 101.282
7 0.0815692 1
4 0.0134018 1
3 0.0127677 1
8 -0.0126945 0
5 -0.291461 1
6 -0.393652 1
9 -0.422821 1
2 -0.501927 0
1 -0.722965 2
correlation = 0.135616

B= 410 W= 85.8387
7 0.190384 1
4 0.0635649 0
3 0.0436245 0
8 -0.0689051 0
9 -0.16084 1
5 -0.26296 1
6 -0.282503 1
2 -0.360892 0
1 -0.709908 2
correlation = 0.180112

B= 481 W= 172.578
7 2.45361 1
8 2.42221 1
6 2.26341 0
3 2.23837 1
5 2.20716 1
4 2.18153 1
9 1.92819 1
2 -0.393425 0
1 -0.921061 2
correlation = 0.112244

B= 301 W= 75.09
7 0.20849 1
3 0.0800149 0
8 0.0455652 0
4 0.0326983 0
9 -0.0818516 1
5 -0.118167 0
6 -0.140032 0
2 -0.478062 0
1 -0.803066 2
correlation = 0.238496

B= 249 W= 72.6792
6 1.72273 1
9 1.71945 1
5 1.30467 0
3 1.13069 0
4 1.06092 0
8 1.04659 1
7 0.381063 1
2 -0.12838 0
1 -0.763708 2
correlation = 0.115164

B= 384 W= 69.0721
6 4.84249 1
9 4.68492 1
5 4.6553 0
8 2.85918 1
4 2.85689 0
3 1.98807 0
2 -0.319781 0
1 -0.58534 2
7 -5.23773 1
correlation = 0.111756

B= 254 W= 60.8016
9 21.0808 1
4 11.0776 0
8 10.7839 0
3 9.3496 0
7 8.0501 0
2 -0.15464 0
1 -0.742361 2
5 -7.38576 1
6 -9.08764 1
correlation = 0.10047

B= 243 W= 57.6389
7 1.92981 0
3 1.64965 1
4 1.40168 1
8 1.14813 1
9 0.874411 1
6 0.252403 0
5 0.146328 1
2 -0.096561 0
1 -0.717181 1
correlation = 0.120441

B= 458 W= 161.03
7 2.80628 1
3 1.84024 0
8 1.57957 1
4 1.54843 0
9 1.06589 0
6 0.247388 0
5 0.161049 1
2 -0.41156 0
1 -0.867495 1
correlation = 0.128572

B= 358 W= 88.976
7 0.0255878 1
8 -0.153264 1
3 -0.313183 0
4 -0.324007 0
6 -0.324694 0
9 -0.336901 1
2 -0.344209 0
5 -0.46042 1
1 -0.785874 1
correlation = 0.114861

B= 340 W= 117.894
7 0.390658 0
8 0.241753 1
4 0.228088 1
3 0.221041 1
2 0.177079 0
9 0.164991 1
5 0.07214 0
6 0.0575418 1
1 -0.45764 2
correlation = 0.129911

B= 280 W= 53.6606
7 0.398305 1
8 0.173376 1
4 0.144896 1
3 0.137901 1
2 0.0795637 0
9 0.0759298 1
6 0.013797 1
5 0.00396709 1
1 -0.547132 2
correlation = 0.144099

B= 472 W= 249.142
7 0.315217 0
8 0.221097 1
2 0.163161 0
4 0.0905164 0
3 0.0842185 0
9 0.0604831 1
5 0.042934 1
6 0.00437508 1
1 -0.461784 2
correlation = 0.14458

B= 508 W= 115.084
7 0.437221 1
8 0.341191 1
4 0.148912 0
2 0.148545 0
3 0.147363 0
9 0.138281 0
5 0.0895874 1
6 0.0648749 1
1 -0.411965 1
correlation = 0.139511

B= 350 W= 81.3231
7 0.37373 1
8 0.274519 1
2 0.179417 0
4 0.160283 1
3 0.154638 1
9 0.108417 1
5 0.101525 1
6 0.0293694 1
1 -0.385441 2
correlation = 0.124064

B= 379 W= 114.728
7 0.452403 1
8 0.288075 1
4 0.162533 0
3 0.157895 0
9 0.154787 0
2 0.112371 0
5 0.10184 1
6 0.0806478 0
1 -0.424509 2
correlation = 0.17481

B= 297 W= 58.1902
7 0.402873 1
8 0.259983 1
4 0.18943 1
3 0.179101 1
9 0.147 0
2 0.145785 0
5 0.120494 1
6 0.0541942 1
1 -0.392347 1
correlation = 0.120741

B= 470 W= 219.687
7 0.399733 1
8 0.261394 1
9 0.151728 0
4 0.138783 1
3 0.134784 1
2 0.115912 0
5 0.07046 1
6 0.0421589 1
1 -0.424996 2
correlation = 0.136305

B= 253 W= 127.82
7 0.42177 1
8 0.306373 1
4 0.237785 0
3 0.222104 0
9 0.199558 1
2 0.199138 0
5 0.152782 1
6 0.0944419 1
1 -0.346307 2
correlation = 0.122367

B= 432 W= 191.738
7 0.360719 1
8 0.240078 1
9 0.148879 1
2 0.115099 0
4 0.106751 0
3 0.104383 0
5 0.042435 1
6 0.0105298 1
1 -0.471517 2
correlation = 0.155826

B= 281 W= 111.003
7 0.427152 1
8 0.298771 1
9 0.228833 1
4 0.219594 1
2 0.214802 0
3 0.210286 1
5 0.153339 1
6 0.0930756 1
1 -0.371857 2
correlation = 0.11898

B= 488 W= 103.414
7 0.360187 1
8 0.228206 1
9 0.135216 1
4 0.129954 1
3 0.129039 1
2 0.122399 0
5 0.0677806 0
6 0.00334726 1
1 -0.466944 2
correlation = 0.146055

B= 249 W= 55.4309
7 0.421341 0
8 0.301052 0
4 0.245116 0
3 0.231952 0
9 0.221726 1
2 0.210315 0
5 0.174534 1
6 0.0907584 1
1 -0.366219 2
correlation = 0.107773

B= 289 W= 77.1393
7 0.361385 0
8 0.236162 0
4 0.148658 1
3 0.145112 1
9 0.143127 1
2 0.123155 0
5 0.0826351 1
6 0.00381794 1
1 -0.4577 2
correlation = 0.120779

B= 230 W= 125.089
7 0.405859 1
8 0.305637 1
4 0.240242 0
3 0.228827 0
2 0.217299 0
9 0.21415 1
5 0.172163 1
6 0.0856428 1
1 -0.364943 2
correlation = 0.12231

B= 310 W= 63.0257
7 0.359167 1
8 0.237068 1
3 0.148283 0
4 0.14668 0
9 0.137598 1
2 0.131557 0
5 0.0891082 0
6 0.00308678 1
1 -0.452722 2
correlation = 0.160519

B= 464 W= 50.1182
7 0.408589 1
8 0.272122 1
4 0.250614 1
3 0.242886 1
9 0.205093 1
2 0.199367 0
5 0.158135 1
6 0.0805323 0
1 -0.377234 2
correlation = 0.130544

B= 486 W= 80.9911
7 0.371691 1
8 0.259605 1
3 0.162608 0
4 0.160677 0
9 0.14177 0
2 0.118625 0
5 0.0929243 1
6 0.0104641 1
1 -0.461236 2
correlation = 0.155199

B= 472 W= 128.444
7 0.409596 1
8 0.311836 1
4 0.234337 0
3 0.226242 0
9 0.201025 0
2 0.190903 0
5 0.152346 1
6 0.0775903 0
1 -0.389903 1
correlation = 0.144007

B= 408 W= 82.4161
7 0.376837 1
8 0.276838 1
3 0.176427 0
4 0.176036 0
9 0.147189 1
2 0.128039 0
5 0.0944086 1
6 0.0145252 1
1 -0.443718 1
correlation = 0.123001

B= 336 W= 85.5317
7 0.415638 1
8 0.32709 1
4 0.239296 0
3 0.231751 0
9 0.203644 0
2 0.192631 0
5 0.150412 1
6 0.076427 0
1 -0.377468 2
correlation = 0.148854

B= 336 W= 93.1614
7 0.384558 1
8 0.289822 1
3 0.180686 0
4 0.178648 0
9 0.154954 1
2 0.13416 0
5 0.109046 0
6 0.0163482 1
1 -0.439293 2
correlation = 0.152252

B= 496 W= 102.756
7 0.419099 1
8 0.317617 1
4 0.236419 0
3 0.229211 0
9 0.197889 1
2 0.187087 0
5 0.15805 0
6 0.0645346 1
1 -0.393518 2
correlation = 0.135106

B= 501 W= 211.963
7 0.379722 0
8 0.290599 0
3 0.17977 1
4 0.1778 1
9 0.162521 0
2 0.134357 0
5 0.105834 1
6 0.0126883 1
1 -0.437124 2
correlation = 0.119685

B= 287 W= 80.8503
7 0.395005 1
8 0.3209 1
4 0.225339 0
2 0.215463 0
3 0.198414 0
9 0.187032 1
5 0.113816 1
6 0.0451083 0
1 -0.426354 0
correlation = 0.119481

B= 390 W= 97.094
7 0.393875 1
8 0.306237 1
4 0.189541 0
3 0.184841 0
9 0.173501 1
2 0.167148 0
5 0.113844 1
6 0.0345866 0
1 -0.427911 2
correlation = 0.154263

B= 277 W= 63.7784
7 0.39954 1
8 0.314901 1
4 0.228873 1
2 0.209978 0
3 0.204182 1
9 0.190654 0
5 0.120283 1
6 0.047647 1
1 -0.429704 0
correlation = 0.102172

B= 404 W= 119.157
7 0.397923 1
8 0.304863 1
4 0.193055 1
3 0.189327 1
9 0.174762 1
2 0.153489 0
5 0.116494 0
6 0.0269068 1
1 -0.435085 1
correlation = 0.123494

B= 490 W= 196.273
7 0.397493 1
8 0.326636 1
4 0.226238 1
3 0.202668 1
2 0.19215 0
9 0.186821 1
5 0.11763 1
6 0.0433718 0
1 -0.441212 1
correlation = 0.127092

B= 236 W= 70.8002
7 0.399963 1
8 0.313497 1
4 0.203428 1
3 0.199195 1
9 0.184819 0
2 0.154184 0
5 0.124799 1
6 0.0363743 1
1 -0.433467 2
correlation = 0.130761

B= 386 W= 80.101
7 0.393094 1
8 0.30991 1
4 0.216266 1
3 0.194151 1
9 0.187159 1
2 0.180182 0
5 0.119133 0
6 0.0413403 0
1 -0.436979 2
correlation = 0.149478

B= 440 W= 123.53
7 0.395632 1
8 0.308223 1
4 0.198848 0
3 0.194402 0
9 0.192066 1
2 0.153827 0
5 0.129563 1
6 0.0378689 1
1 -0.430516 1
correlation = 0.121992

B= 448 W= 81.2827
7 0.390424 1
8 0.301081 1
3 0.215353 0
4 0.208 0
2 0.188062 0
9 0.173307 1
5 0.12756 1
6 0.0342466 1
1 -0.447573 2
correlation = 0.131634

B= 486 W= 209.68
7 0.391707 0
8 0.304393 1
3 0.203361 0
4 0.195191 0
9 0.187614 1
2 0.164682 0
5 0.133796 1
6 0.0421161 0
1 -0.436473 2
correlation = 0.145557

B= 489 W= 168.722
7 0.381369 1
8 0.295968 1
3 0.216302 0
4 0.20936 0
2 0.188313 0
9 0.175506 1
5 0.13139 0
6 0.0357594 1
1 -0.449952 2
correlation = 0.14304

B= 321 W= 107.185
7 0.397645 0
8 0.298575 1
3 0.217849 1
4 0.200905 1
9 0.195698 0
2 0.158684 0
5 0.137974 1
6 0.0529905 1
1 -0.437642 2
correlation = 0.12145

B= 441 W= 157.577
7 0.385351 1
8 0.293515 1
3 0.221929 0
4 0.204069 0
9 0.181546 0
2 0.178026 0
5 0.130073 0
6 0.0476675 0
1 -0.455057 2
correlation = 0.189414

B= 472 W= 204.172
7 0.396428 1
8 0.302912 0
3 0.216516 0
4 0.206361 0
9 0.186441 1
2 0.153629 0
5 0.142479 1
6 0.0653792 0
1 -0.448776 2
correlation = 0.153182

B= 425 W= 63.69
7 0.397995 1
8 0.302678 1
3 0.223454 1
4 0.217741 1
9 0.181806 1
2 0.171599 0
5 0.145956 0
6 0.0635711 1
1 -0.457893 2
correlation = 0.133111

B= 373 W= 130.706
7 0.399348 0
8 0.305348 1
3 0.215996 0
4 0.209453 0
9 0.186944 0
2 0.154145 0
5 0.146541 1
6 0.0703638 1
1 -0.447077 2
correlation = 0.132671

B= 358 W= 124.258
7 0.397534 0
8 0.304382 0
3 0.222173 0
4 0.216119 0
9 0.180671 1
2 0.173128 0
5 0.143834 1
6 0.0635615 0
1 -0.455023 1
correlation = 0.120497

B= 428 W= 158.929
7 0.396748 1
8 0.303644 1
3 0.21447 1
4 0.209498 1
9 0.191675 0
2 0.155097 0
5 0.149047 0
6 0.0679489 1
1 -0.448423 1
correlation = 0.127989

B= 472 W= 267.796
7 0.392229 1
8 0.302552 1
3 0.214324 1
4 0.209939 1
2 0.1776 0
9 0.173601 1
5 0.139403 1
6 0.0625787 1
1 -0.458495 2
correlation = 0.125759

B= 387 W= 175.719
7 0.394132 1
8 0.300486 1
4 0.207195 0
3 0.198092 0
9 0.184774 1
2 0.17856 0
5 0.132262 1
6 0.0650366 1
1 -0.456012 2
correlation = 0.134229

B= 484 W= 150.877
7 0.39551 1
8 0.316672 1
4 0.214404 0
3 0.213731 0
2 0.18708 0
9 0.180509 0
5 0.137439 1
6 0.0692529 0
1 -0.458763 2
correlation = 0.162619

B= 466 W= 180.678
7 0.386082 1
8 0.303227 1
4 0.204818 1
3 0.195717 1
9 0.191911 0
2 0.180542 0
5 0.13076 1
6 0.0652342 1
1 -0.453933 1
correlation = 0.117667

B= 190 W= 83.0195
7 0.399672 1
8 0.321308 1
3 0.219635 0
4 0.218731 0
2 0.193294 0
9 0.187288 1
5 0.141894 1
6 0.0762158 1
1 -0.448755 2
correlation = 0.131017

B= 348 W= 86.7802
7 0.389236 1
8 0.301847 0
4 0.204161 0
3 0.196405 0
9 0.188806 1
2 0.177307 0
5 0.128386 1
6 0.0645879 1
1 -0.457182 2
correlation = 0.133258

B= 491 W= 170.125
7 0.397894 1
8 0.320051 0
3 0.215803 1
4 0.21501 1
2 0.190771 0
9 0.187273 1
5 0.136128 1
6 0.073605 1
1 -0.453921 1
correlation = 0.109542

B= 500 W= 164.864
7 0.392803 1
8 0.313966 1
4 0.201851 1
3 0.193934 1
9 0.190546 1
2 0.177354 0
5 0.134256 0
6 0.0675465 0
1 -0.457217 1
correlation = 0.136991

B= 356 W= 105.542
7 0.389945 1
8 0.313859 1
4 0.198189 0
9 0.196156 0
3 0.188218 0
2 0.174523 0
5 0.116869 1
6 0.0592868 1
1 -0.483595 2
correlation = 0.145172

B= 334 W= 73.7901
7 0.397071 1
8 0.319534 1
9 0.208171 1
4 0.198084 0
3 0.187177 0
2 0.180028 0
5 0.134061 0
6 0.0684025 1
1 -0.464772 2
correlation = 0.148544

B= 311 W= 111.575
7 0.388415 1
8 0.314881 1
9 0.207265 1
4 0.190089 0
3 0.180524 0
2 0.179537 0
5 0.113651 1
6 0.0606705 1
1 -0.488856 0
correlation = 0.10216

B= 495 W= 62.9605
7 0.399018 1
8 0.320567 0
9 0.2082 1
4 0.202056 1
3 0.191547 1
2 0.180083 0
5 0.135452 0
6 0.0665674 0
1 -0.466588 1
correlation = 0.13524

B= 467 W= 162.151
7 0.39074 1
8 0.313903 0
9 0.205 1
4 0.190055 1
3 0.18087 1
2 0.177087 0
5 0.113508 1
6 0.0570803 1
1 -0.489404 2
correlation = 0.124906

B= 237 W= 81.9781
7 0.403496 1
8 0.320854 1
9 0.212691 1
4 0.205794 1
3 0.19551 1
2 0.181474 0
5 0.140418 0
6 0.0686829 1
1 -0.466658 2
correlation = 0.133242

B= 470 W= 141.872
7 0.383759 1
8 0.31039 0
9 0.204944 1
4 0.183317 0
2 0.169366 0
3 0.165007 0
5 0.0960207 1
6 0.0447309 1
1 -0.50751 2
correlation = 0.140794

B= 462 W= 141.544
7 0.409862 1
8 0.323849 0
9 0.219316 1
4 0.208837 1
3 0.196152 1
2 0.184836 0
5 0.143587 0
6 0.0708655 1
1 -0.469053 2
correlation = 0.131101

B= 296 W= 57.9912
7 0.386904 1
8 0.301698 1
9 0.212938 1
4 0.189117 1
3 0.172024 1
2 0.17079 0
5 0.093124 1
6 0.0437296 1
1 -0.516742 2
correlation = 0.129529

B= 415 W= 97.5904
7 0.412069 1
8 0.31464 1
4 0.21794 0
9 0.213578 1
3 0.200183 0
2 0.185674 0
5 0.137247 1
6 0.0654853 1
1 -0.474907 1
correlation = 0.121372

B= 396 W= 144.335
7 0.389587 1
8 0.295656 1
9 0.213747 0
4 0.189351 0
3 0.17139 0
2 0.171134 0
5 0.089391 1
6 0.0411772 1
1 -0.51464 2
correlation = 0.148124

B= 320 W= 150.272
7 0.407111 1
8 0.311073 1
9 0.219971 1
4 0.217312 0
3 0.200558 0
2 0.192382 0
5 0.129696 1
6 0.0602228 1
1 -0.479023 2
correlation = 0.134403

B= 442 W= 109.972
7 0.394085 1
8 0.296223 0
9 0.218942 1
4 0.191045 1
3 0.173751 1
2 0.17297 0
5 0.0930974 0
6 0.0431603 1
1 -0.513952 2
correlation = 0.139564

B= 448 W= 70.9877
7 0.409496 1
8 0.305352 1
4 0.221598 1
9 0.220365 1
3 0.205794 1
2 0.189554 0
5 0.13115 0
6 0.0589873 1
1 -0.481945 2
correlation = 0.134062

B= 410 W= 105.915
7 0.392201 1
8 0.294235 1
9 0.214571 1
4 0.194997 0
3 0.177612 0
2 0.170734 0
5 0.0922514 1
6 0.0402987 1
1 -0.509885 2
correlation = 0.140567

B= 470 W= 220.312
7 0.402904 1
8 0.304576 1
4 0.219812 0
9 0.21787 1
3 0.20362 0
2 0.191845 0
5 0.12932 1
6 0.0573819 1
1 -0.472139 2
correlation = 0.13356

B= 448 W= 78.234
7 0.391678 1
8 0.293615 1
9 0.212541 1
4 0.199639 0
3 0.18219 0
2 0.173754 0
5 0.092538 1
6 0.0416883 1
1 -0.506567 1
correlation = 0.122451

B= 512 W= 65.8076
7 0.404303 1
8 0.299503 1
4 0.226933 1
9 0.21661 1
3 0.211131 1
2 0.190124 0
5 0.126073 1
6 0.0582997 0
1 -0.471566 1
correlation = 0.126759

B= 259 W= 62.1774
7 0.395923 1
8 0.291152 1
9 0.215326 1
4 0.205641 0
3 0.188604 0
2 0.173652 0
5 0.0945242 0
6 0.044765 1
1 -0.498401 1
correlation = 0.137151

B= 352 W= 75.3428
7 0.402726 1
8 0.30126 1
4 0.228765 0
3 0.213332 0
9 0.211239 1
2 0.18808 0
5 0.12224 1
6 0.0557949 1
1 -0.470355 2
correlation = 0.13245

B= 414 W= 159.143
7 0.394249 1
8 0.292358 1
9 0.212831 0
4 0.206877 1
3 0.190275 1
2 0.172637 0
5 0.0937777 0
6 0.0436758 1
1 -0.497363 2
correlation = 0.144087

B= 394 W= 94.7555
7 0.403623 1
8 0.302306 0
4 0.230677 1
3 0.215726 1
9 0.214191 0
2 0.18657 0
5 0.122334 1
6 0.0551385 0
1 -0.468818 1
correlation = 0.131053

B= 510 W= 172.783
7 0.391048 1
8 0.288781 1
9 0.210637 1
4 0.206615 1
3 0.190373 1
2 0.169693 0
5 0.0919266 1
6 0.0407364 1
1 -0.497953 2
correlation = 0.128581

B= 484 W= 212.98
7 0.403222 1
8 0.302142 1
4 0.228068 1
3 0.21373 1
9 0.211234 1
2 0.188936 0
5 0.121507 1
6 0.0549159 1
1 -0.464193 2
correlation = 0.12509

B= 439 W= 105.367
7 0.39345 1
8 0.285749 0
9 0.208178 1
4 0.205957 1
3 0.18393 1
2 0.172755 0
5 0.0886938 0
6 0.0393493 1
1 -0.496455 2
correlation = 0.139363

B= 351 W= 92.8724
7 0.404122 1
8 0.298704 1
4 0.229949 0
3 0.207659 0
9 0.206003 1
2 0.192272 0
5 0.117364 1
6 0.0503709 1
1 -0.471886 1
correlation = 0.118474

B= 256 W= 65.3131
7 0.396557 1
8 0.290126 1
9 0.210144 0
4 0.209427 0
3 0.185687 0
2 0.175626 0
5 0.093076 0
6 0.0416673 0
1 -0.494021 1
correlation = 0.187741

B= 240 W= 100.839
7 0.403924 1
8 0.29965 0
4 0.228462 0
3 0.206168 0
9 0.205751 1
2 0.192001 0
5 0.116932 1
6 0.0501971 0
1 -0.471925 2
correlation = 0.153604

B= 450 W= 191.034
7 0.392805 1
8 0.288968 1
9 0.208929 0
4 0.206391 1
3 0.182733 1
2 0.176609 0
5 0.0901159 1
6 0.0394101 1
1 -0.496432 2
correlation = 0.131657

B= 313 W= 95.0734
7 0.404193 1
8 0.30008 1
4 0.22782 0
9 0.207219 1
3 0.205701 0
2 0.193857 0
5 0.11673 1
6 0.0508765 1
1 -0.472334 2
correlation = 0.132691

B= 332 W= 92.5249
7 0.394068 1
8 0.286345 1
9 0.208198 0
4 0.207034 0
3 0.183386 0
2 0.174262 0
5 0.090767 1
6 0.0402963 0
1 -0.49511 1
correlation = 0.152237

B= 223 W= 70.3522
7 0.405177 1
8 0.301544 1
4 0.228877 1
9 0.208914 0
3 0.206991 1
2 0.195052 0
5 0.117924 1
6 0.0522346 0
1 -0.470142 2
correlation = 0.143768

B= 349 W= 75.0835
7 0.392602 1
8 0.288004 1
9 0.205864 0
4 0.205631 0
3 0.181692 0
2 0.172893 0
5 0.0892689 1
6 0.0383314 0
1 -0.495809 1
correlation = 0.152853

B= 512 W= 189.83
7 0.404391 1
8 0.30342 0
4 0.227757 1
3 0.206171 1
9 0.203465 1
2 0.194048 0
5 0.114857 1
6 0.0499402 0
1 -0.466401 2
correlation = 0.137525

B= 415 W= 124.498
7 0.393743 1
8 0.28937 1
4 0.205458 1
9 0.204796 1
3 0.182397 1
2 0.173265 0
5 0.0887387 1
6 0.0395545 0
1 -0.488099 2
correlation = 0.14166

B= 508 W= 172.978
7 0.40614 1
8 0.306474 1
4 0.226142 1
3 0.205299 1
9 0.201828 1
2 0.192912 0
5 0.11327 1
6 0.0490929 1
1 -0.462511 2
correlation = 0.124956

B= 404 W= 134.649
7 0.394687 1
8 0.291409 1
9 0.209253 0
4 0.202816 1
3 0.180232 1
2 0.177119 0
5 0.0883991 0
6 0.0390811 1
1 -0.486215 2
correlation = 0.143647

B= 462 W= 148.072
7 0.409227 1
8 0.305728 1
4 0.224631 0
9 0.207296 0
3 0.204031 0
2 0.193316 0
5 0.11363 1
6 0.0510025 0
1 -0.461723 2
correlation = 0.161434

It costs : 379 ms.
