15 0.142201
17 0.1261
14 0.138482
22 0.133091
24 0.126975
15 0.138515
15 0.121234
11 0.187122
13 0.135061
10 0.156704
10 0.129153
17 0.131129
14 0.117395
16 0.14158
21 0.144164
16 0.14206
20 0.136281
10 0.143276
15 0.113523
18 0.127618
19 0.133717
16 0.135982
14 0.118255
17 0.124304
18 0.119874
14 0.125066
13 0.133968
11 0.174135
17 0.134904
13 0.135729
22 0.123452
18 0.12884
15 0.12842
13 0.142448
12 0.129594
13 0.141492
17 0.131255
18 0.113236
15 0.133803
17 0.125588
18 0.133745
13 0.132595
21 0.12807
15 0.165065
14 0.133994
14 0.147978
10 0.130804
19 0.123646
21 0.127791
18 0.135577
15 0.129483
22 0.130773
15 0.140743
15 0.133112
20 0.132074
12 0.142516
23 0.123353
13 0.148815
17 0.154345
13 0.116117
20 0.140235
12 0.16567
22 0.131413
12 0.133345
16 0.129414
23 0.13369
15 0.120901
16 0.143552
14 0.125429
20 0.136582
13 0.12424
13 0.134035
13 0.138154
17 0.137559
11 0.137966
13 0.135185
16 0.128239
14 0.146262
20 0.144267
12 0.137928
20 0.13403
15 0.129647
23 0.132081
16 0.132191
13 0.145199
19 0.12768
20 0.13134
19 0.11905
15 0.128824
14 0.124219
16 0.158443
21 0.128195
21 0.130414
15 0.137546
21 0.131043
19 0.137248
13 0.142957
15 0.128653
16 0.126264
It costs : 180000 ms.
