15 0.12945
20 0.130459
16 0.133352
18 0.120334
14 0.146411
20 0.121187
21 0.134126
13 0.132185
13 0.121171
17 0.131247
19 0.133204
18 0.147376
9 0.162572
16 0.141723
14 0.143066
18 0.141347
16 0.14129
13 0.131907
13 0.122492
13 0.136045
18 0.131308
18 0.110259
11 0.143587
11 0.130508
12 0.129854
16 0.125588
21 0.134637
16 0.139179
11 0.147674
16 0.130975
20 0.129354
17 0.123312
14 0.124187
17 0.148425
18 0.127172
11 0.138715
18 0.122237
18 0.124866
18 0.11604
11 0.135603
14 0.139953
17 0.127587
20 0.137816
15 0.10153
18 0.12476
16 0.131233
15 0.127091
21 0.13112
17 0.122028
19 0.124568
20 0.133314
18 0.129529
16 0.137163
18 0.137022
13 0.140205
17 0.126316
12 0.126959
23 0.1302
18 0.138002
13 0.147549
15 0.136677
16 0.131301
20 0.137793
20 0.135251
18 0.136808
18 0.136122
18 0.136315
20 0.128031
21 0.133551
17 0.15516
19 0.119685
23 0.129936
20 0.126209
17 0.128451
19 0.11675
19 0.127978
14 0.17443
14 0.138579
16 0.144009
16 0.136847
18 0.141559
13 0.134605
11 0.0950226
14 0.152703
17 0.133262
16 0.124517
15 0.133563
21 0.132044
21 0.126404
21 0.124761
20 0.132297
14 0.143467
18 0.16378
15 0.165465
16 0.152937
15 0.136063
10 0.129718
18 0.135542
13 0.135366
It costs : 190000 ms.
