0.1 0.274619
0.1 0.180078
0.1 0.185644
0.1 0.182103
0.395285 0.141065
0.1 0.101584
0.1 0.124515
0.1 0.154818
0.1 0.199424
0.1 0.181794
0.1 0.207471
0.1 0.175722
0.1 0.103826
0.395285 0.15329
0.1 0.162401
0.1 0.159644
0.1 0.192504
0.1 0.141492
0.1 0.184818
0.1 0.15424
0.1 0.170552
0.1 0.141886
0.1 0.2031
0.1 0.137412
0.1 0.17152
0.1 0.160116
0.1 0.167298
0.1 0.140696
0.1 0.165285
0.1 0.146248
0.1 0.181372
0.1 0.158477
0.1 0.134646
0.1 0.125605
0.1 0.192702
0.395285 0.142669
0.1 0.153039
0.1 0.116227
0.1 0.0629454
0.1 0.131008
0.1 0.130601
0.1 0.125327
0.1 0.116528
0.1 0.157426
0.1 0.175093
0.1 0.143658
0.1 0.157124
0.395285 0.142191
0.1 0.1583
0.1 0.125537
0.1 0.164888
0.1 0.157787
0.1 0.156717
0.1 0.161594
0.1 0.178216
0.1 0.128253
0.1 0.154213
0.1 0.13618
0.1 0.139796
0.395285 0.139303
0.1 0.17783
0.1 0.14747
0.1 0.128098
0.1 0.127594
0.1 0.162175
0.1 0.14918
0.1 0.162869
0.1 0.135919
0.1 0.181128
0.1 0.145158
0.1 0.151262
0.1 0.167356
0.1 0.180385
0.395285 0.141631
0.1 0.155156
0.1 0.128892
0.1 0.132817
0.1 0.158991
0.1 0.145502
0.1 0.128917
0.1 0.135652
0.1 0.128818
0.1 0.164345
0.1 0.180081
0.1 0.145325
0.1 0.156489
0.1 0.156945
0.1 0.147413
0.395285 0.146067
0.1 0.144148
0.1 0.182025
0.1 0.128563
0.1 0.159206
0.1 0.169009
0.1 0.157778
0.1 0.16085
0.1 0.138874
0.1 0.186041
0.1 0.154386
0.1 0.15706
0.1 0.173305
0.1 0.174489
0.1 0.154035
0.1 0.174705
0.1 0.180011
0.1 0.116292
0.1 0.155286
0.1 0.156118
0.1 0.168612
0.1 0.201281
0.1 0.128005
0.395285 0.14457
0.1 0.159093
0.1 0.166917
0.1 0.15906
0.1 0.144628
0.1 0.163428
0.1 0.154873
0.1 0.127914
0.1 0.129982
0.395285 0.1468
0.1 0.144522
0.1 0.183146
0.395285 0.144284
0.395285 0.146626
0.395285 0.14413
0.395285 0.146904
0.1 0.145133
0.1 0.198872
0.1 0.174936
0.1 0.174687
0.1 0.160967
0.1 0.156724
0.1 0.158528
0.1 0.18252
0.1 0.14807
0.1 0.150982
0.1 0.158862
0.1 0.139307
0.1 0.155003
0.1 0.130135
0.1 0.145568
0.1 0.158671
0.1 0.172375
0.1 0.154523
0.1 0.197883
0.1 0.172278
0.1 0.154576
0.1 0.16493
0.1 0.145703
0.1 0.171203
0.1 0.148133
0.1 0.152872
0.1 0.140675
0.1 0.128866
0.1 0.12855
0.1 0.233565
0.1 0.146672
0.1 0.162052
0.1 0.140442
0.1 0.178398
0.1 0.184733
0.1 0.146685
0.1 0.164412
0.395285 0.145082
0.1 0.111006
0.1 0.178703
0.1 0.160287
0.1 0.180719
0.1 0.187119
0.395285 0.145621
0.1 0.129007
0.1 0.169595
0.1 0.146225
0.395285 0.145908
0.1 0.128348
0.1 0.152891
0.395285 0.143249
0.1 0.164442
0.1 0.160114
0.1 0.153018
0.395285 0.143235
0.1 0.186848
0.1 0.089545
0.1 0.14931
0.1 0.140951
0.395285 0.146345
0.1 0.12627
0.1 0.153648
0.1 0.126327
0.1 0.142505
0.1 0.177056
0.1 0.154099
0.395285 0.143169
0.1 0.129767
0.1 0.14682
0.1 0.153823
0.1 0.17555
0.1 0.171804
0.1 0.165622
0.1 0.165131
0.395285 0.143134
0.1 0.158772
0.1 0.120294
0.395285 0.146697
0.1 0.15803
0.1 0.190769
0.1 0.128373
0.1 0.181725
0.1 0.169166
0.1 0.149601
0.1 0.169243
0.1 0.120681
0.1 0.183233
0.1 0.139406
0.1 0.141037
0.1 0.149081
0.1 0.125895
0.1 0.171487
0.395285 0.14223
0.1 0.170448
0.395285 0.142263
0.1 0.164627
0.1 0.153356
0.1 0.158126
0.1 0.178509
0.395285 0.145992
0.1 0.12802
0.1 0.152766
0.1 0.178371
0.1 0.129105
0.395285 0.142408
0.1 0.18201
0.1 0.144807
0.1 0.156144
0.1 0.143697
0.395285 0.146221
0.1 0.144713
0.1 0.179952
0.1 0.147497
0.1 0.171313
0.1 0.140569
0.1 0.179781
0.1 0.158259
0.1 0.157114
0.395285 0.142129
0.1 0.152508
0.1 0.177223
0.1 0.148734
0.1 0.144616
0.1 0.193093
0.1 0.125394
0.1 0.152747
0.395285 0.141931
0.1 0.164527
0.1 0.147548
0.1 0.171974
0.1 0.143386
0.1 0.148747
0.1 0.157103
0.1 0.149354
0.1 0.168465
0.1 0.146537
0.395285 0.141934
0.395285 0.146093
0.395285 0.14194
0.1 0.21053
0.1 0.168522
0.1 0.142175
0.1 0.14541
0.1 0.164312
0.395285 0.142197
0.1 0.152722
0.1 0.157524
0.1 0.179915
0.1 0.127897
0.1 0.15688
0.1 0.145585
0.1 0.128917
0.1 0.144915
0.1 0.159639
0.1 0.163428
0.1 0.154074
0.1 0.18107
0.1 0.134143
0.1 0.145393
0.1 0.159345
0.1 0.147493
0.1 0.17168
0.1 0.176809
0.1 0.184047
0.1 0.14102
0.1 0.122041
0.1 0.22199
0.1 0.120912
0.1 0.172586
0.1 0.165556
0.395285 0.143822
0.1 0.172658
0.1 0.16608
0.1 0.195044
0.1 0.127277
0.1 0.139548
0.1 0.171567
0.1 0.165402
0.1 0.145482
0.1 0.129077
0.1 0.145747
0.1 0.180888
0.1 0.0969054
0.1 0.128848
0.1 0.172527
0.1 0.17253
0.1 0.170975
0.1 0.15938
0.1 0.177273
0.1 0.180976
0.1 0.171981
0.1 0.15375
0.1 0.162897
0.1 0.13392
0.1 0.127114
0.395285 0.146952
0.1 0.152287
0.1 0.128982
0.1 0.145251
0.1 0.158726
0.395285 0.1429
0.1 0.147478
0.1 0.162502
0.1 0.152794
0.395285 0.143122
0.1 0.137101
0.1 0.142058
0.1 0.152558
0.1 0.128437
0.1 0.178888
0.1 0.12702
0.1 0.179103
0.1 0.170716
0.1 0.157083
0.1 0.141852
0.1 0.152202
0.1 0.146388
0.1 0.157606
0.1 0.14638
0.1 0.157621
0.1 0.153358
0.1 0.151953
0.1 0.140575
0.1 0.192134
0.395285 0.142823
0.1 0.180513
0.1 0.159415
0.1 0.178606
0.1 0.163252
0.1 0.14184
0.1 0.152286
0.1 0.178923
0.1 0.159159
0.1 0.151576
0.1 0.138606
0.1 0.190951
0.1 0.146294
0.1 0.206052
0.1 0.159308
0.1 0.147241
0.1 0.14459
0.395285 0.145623
0.1 0.146488
0.1 0.130588
0.1 0.146577
0.1 0.151726
0.1 0.149738
0.1 0.168576
0.1 0.116613
0.1 0.151614
0.1 0.170233
0.1 0.19121
0.1 0.150155
0.1 0.205816
0.1 0.180976
0.1 0.151494
0.1 0.144813
0.1 0.177375
0.1 0.141359
0.1 0.177195
0.1 0.145954
0.1 0.151106
0.1 0.149281
0.1 0.14711
0.1 0.138164
0.1 0.148566
0.1 0.0899781
0.1 0.156814
0.1 0.160979
0.1 0.151255
0.1 0.138039
0.1 0.129098
0.1 0.144071
0.1 0.148569
0.1 0.169094
0.1 0.176728
0.395285 0.142265
0.1 0.176271
0.1 0.127119
0.1 0.150443
0.1 0.126987
0.1 0.162969
0.1 0.140337
0.1 0.148187
0.1 0.160894
0.1 0.141138
0.1 0.121443
0.1 0.129688
0.1 0.160935
0.1 0.176155
0.1 0.178705
0.1 0.15091
0.1 0.178759
0.1 0.162621
0.1 0.156269
0.1 0.162578
0.1 0.158042
0.1 0.168861
0.395285 0.141983
0.1 0.175997
0.1 0.160495
0.1 0.145551
0.1 0.162683
0.1 0.150431
0.1 0.177694
0.1 0.162603
0.1 0.139872
0.395285 0.145157
0.1 0.16751
0.1 0.175653
0.1 0.143584
0.395285 0.145115
0.1 0.144921
0.1 0.146649
0.1 0.144513
0.1 0.145389
0.1 0.14457
0.1 0.150133
0.1 0.132128
0.1 0.154673
0.1 0.176594
0.1 0.154508
0.1 0.167184
0.1 0.155002
0.1 0.160049
0.1 0.149741
0.1 0.159804
0.1 0.128467
0.1 0.144722
0.1 0.175093
0.1 0.156886
0.1 0.178838
0.1 0.172412
0.1 0.128446
0.1 0.145044
0.1 0.194146
0.1 0.144554
0.1 0.149729
0.1 0.144583
0.1 0.162253
0.1 0.126792
0.1 0.174723
0.1 0.144524
0.1 0.155038
0.395285 0.141777
0.1 0.149757
0.395285 0.141817
0.395285 0.145025
0.1 0.17687
0.395285 0.144923
0.1 0.137549
0.1 0.129729
0.1 0.157604
0.1 0.145233
0.1 0.14801
0.1 0.176849
0.1 0.143881
0.1 0.148678
0.1 0.091806
0.1 0.155838
0.1 0.144532
0.395285 0.144453
0.1 0.172567
0.395285 0.144567
0.1 0.145671
0.395285 0.144608
0.1 0.143483
0.1 0.148716
0.1 0.126624
0.1 0.188759
0.1 0.148058
0.1 0.173547
0.1 0.12663
0.1 0.253322
0.1 0.138643
0.1 0.161944
0.1 0.144773
0.1 0.128059
0.1 0.167671
0.395285 0.144768
0.1 0.139394
0.1 0.143893
0.1 0.144763
0.1 0.140775
0.395285 0.141969
0.1 0.161775
0.1 0.139433
0.1 0.17365
0.1 0.152391
0.1 0.147662
0.1 0.144966
0.1 0.148987
0.1 0.156562
0.1 0.173711
0.1 0.16008
0.1 0.173737
0.1 0.192366
0.1 0.161826
0.1 0.151989
0.1 0.143657
0.1 0.167503
0.395285 0.1448
0.1 0.139281
0.1 0.148858
0.1 0.142068
0.1 0.159801
0.1 0.192196
0.1 0.200891
0.1 0.144136
0.395285 0.144769
0.395285 0.142079
0.1 0.161707
0.1 0.167513
0.1 0.144002
0.395285 0.142098
0.395285 0.144683
0.1 0.172993
0.1 0.127905
0.1 0.144883
0.1 0.178001
0.1 0.157984
0.1 0.130137
0.1 0.148174
0.1 0.153659
0.1 0.157977
0.1 0.173591
0.1 0.14471
0.1 0.163099
0.1 0.126739
0.1 0.165493
0.1 0.1677
0.1 0.148665
0.1 0.144889
0.1 0.14862
0.1 0.145007
0.1 0.148584
0.395285 0.142175
0.1 0.153245
0.1 0.145124
0.1 0.15599
0.1 0.192514
0.1 0.140442
0.1 0.177896
0.1 0.147489
0.1 0.198683
0.1 0.152985
0.1 0.14405
0.1 0.148372
0.1 0.126829
0.1 0.148386
0.1 0.156494
0.1 0.139924
0.1 0.139011
0.1 0.129156
0.395285 0.141945
0.1 0.127757
0.1 0.144737
0.1 0.127775
0.1 0.144726
0.1 0.148078
0.1 0.172642
0.395285 0.144076
0.1 0.167481
0.1 0.116118
0.1 0.162998
0.395285 0.143994
0.1 0.166132
0.1 0.141008
0.1 0.144562
0.1 0.147649
0.1 0.144395
0.1 0.146855
0.1 0.165741
0.395285 0.143992
0.1 0.126503
0.1 0.171785
0.1 0.167198
0.1 0.155216
0.395285 0.141752
0.1 0.176536
0.395285 0.141804
0.1 0.171607
0.395285 0.141786
0.1 0.150512
0.395285 0.141564
0.395285 0.143766
0.1 0.148354
0.1 0.171681
0.1 0.176542
0.1 0.146677
0.1 0.138558
0.395285 0.143801
0.1 0.144047
0.395285 0.143804
0.395285 0.141546
0.1 0.18368
0.1 0.150167
0.395285 0.143893
0.1 0.166563
0.1 0.162383
0.1 0.16648
0.1 0.120926
0.1 0.166467
0.1 0.166525
0.1 0.172061
0.1 0.146515
0.1 0.128597
0.395285 0.143767
0.1 0.166667
0.1 0.147437
0.1 0.143801
0.1 0.166692
0.1 0.114498
0.1 0.151861
0.1 0.151847
0.1 0.147219
0.1 0.140589
0.1 0.163727
0.395285 0.141483
0.1 0.127283
0.1 0.156015
0.395285 0.143818
0.1 0.143439
0.1 0.146917
0.1 0.211341
0.1 0.141254
0.1 0.148104
0.395285 0.143762
0.1 0.165858
0.1 0.14703
0.395285 0.141515
0.395285 0.143732
0.1 0.156323
0.1 0.171063
0.1 0.157374
0.1 0.176466
0.1 0.154664
0.1 0.115141
0.1 0.143853
0.1 0.146567
0.1 0.149737
0.1 0.121513
0.1 0.12135
0.1 0.182485
0.1 0.12603
0.1 0.162398
0.1 0.143632
0.1 0.151528
0.1 0.166114
0.395285 0.143705
0.1 0.143769
0.395285 0.143634
0.1 0.165253
0.1 0.151367
0.1 0.15889
0.1 0.127176
0.395285 0.141677
0.1 0.162936
0.1 0.143794
0.1 0.169828
0.1 0.144938
0.1 0.154649
0.1 0.157849
0.395285 0.143502
0.1 0.143768
0.395285 0.143495
0.1 0.143743
0.395285 0.143497
0.1 0.1436
0.1 0.129043
0.395285 0.141547
0.395285 0.143542
0.1 0.143539
0.1 0.127163
0.1 0.14847
0.1 0.146892
0.1 0.128723
0.1 0.160279
0.395285 0.141552
0.1 0.154865
0.1 0.166197
0.395285 0.143656
0.1 0.157317
0.1 0.186561
0.1 0.120916
0.1 0.151492
0.1 0.143674
0.1 0.127239
0.1 0.17183
0.1 0.160358
0.395285 0.141707
0.1 0.127392
0.1 0.144057
0.1 0.197385
0.1 0.154875
0.1 0.129188
0.1 0.126455
0.1 0.147094
0.395285 0.141893
0.1 0.147043
0.1 0.177345
0.1 0.129193
0.1 0.14429
0.1 0.17001
0.1 0.159351
0.1 0.154789
0.1 0.144297
0.1 0.158006
0.1 0.137502
0.1 0.170809
0.1 0.166028
0.1 0.146946
0.1 0.138366
0.1 0.17078
0.1 0.144186
0.1 0.146423
0.1 0.144166
0.1 0.154605
0.1 0.166632
0.1 0.141238
0.1 0.167304
0.1 0.141256
0.1 0.158872
0.1 0.151282
0.1 0.156666
0.1 0.146786
0.1 0.157561
0.1 0.17053
0.1 0.190584
0.1 0.12701
0.1 0.152047
0.395285 0.143485
0.1 0.143932
0.1 0.146767
0.395285 0.141798
0.1 0.170485
0.1 0.138752
0.1 0.146705
0.1 0.143743
0.1 0.141139
0.1 0.143843
0.1 0.146036
0.1 0.126252
0.1 0.146703
0.1 0.158717
0.1 0.146711
0.1 0.149154
0.1 0.151144
0.1 0.127749
0.395285 0.143554
0.395285 0.141766
0.1 0.142474
0.1 0.166321
0.1 0.184853
0.1 0.143815
0.395285 0.143428
0.1 0.137972
0.1 0.129096
0.1 0.190733
0.1 0.146478
0.1 0.137922
0.1 0.165882
0.1 0.147539
0.1 0.160024
0.1 0.157698
0.1 0.146267
0.1 0.166341
0.1 0.121814
0.395285 0.141833
0.1 0.144628
0.1 0.143736
0.1 0.146269
0.1 0.166403
0.1 0.139597
0.1 0.152079
0.1 0.126919
0.1 0.152007
0.395285 0.143249
0.1 0.143537
0.1 0.207899
0.1 0.211915
0.395285 0.143216
0.1 0.166123
0.1 0.138978
0.1 0.17217
0.1 0.146095
0.1 0.149211
0.1 0.159925
0.1 0.142157
0.1 0.159351
0.1 0.176221
0.1 0.145761
0.395285 0.141692
0.1 0.175418
0.1 0.166156
0.1 0.149422
0.1 0.151952
0.1 0.150138
0.1 0.143596
0.1 0.145985
0.1 0.154764
0.1 0.161834
0.1 0.147252
0.1 0.159667
0.1 0.144124
0.1 0.159644
0.1 0.125876
0.1 0.140358
0.1 0.176295
0.1 0.165372
0.1 0.14709
0.1 0.165393
0.1 0.143463
0.1 0.168472
0.1 0.177565
0.1 0.140589
0.1 0.144192
0.1 0.159631
0.1 0.146961
0.1 0.159663
0.395285 0.141792
0.1 0.149782
0.1 0.144064
0.1 0.145597
0.1 0.143344
0.1 0.175076
0.1 0.144124
0.1 0.15961
0.1 0.145447
0.1 0.169335
0.1 0.148724
0.395285 0.14316
0.1 0.158034
0.1 0.145652
0.1 0.172279
0.1 0.185206
0.1 0.165723
0.1 0.169396
0.395285 0.141607
0.395285 0.143098
0.1 0.165604
0.1 0.147039
0.1 0.16561
0.1 0.159583
0.1 0.149566
0.395285 0.143065
0.1 0.143103
0.1 0.168105
0.1 0.143105
0.1 0.169148
0.1 0.137274
0.395285 0.143103
0.1 0.162826
0.1 0.146174
0.1 0.165491
0.395285 0.143055
0.1 0.163557
0.1 0.145553
0.1 0.1549
0.1 0.16199
0.1 0.172259
0.1 0.145583
0.1 0.125914
0.1 0.159488
0.1 0.165882
0.395285 0.143038
0.1 0.16612
0.1 0.159501
0.395285 0.141733
0.395285 0.143018
0.1 0.165772
0.1 0.159474
0.1 0.158092
0.1 0.153955
0.1 0.143303
0.1 0.168886
0.1 0.125999
0.1 0.149477
0.1 0.164038
0.1 0.217741
0.1 0.165903
0.1 0.150287
0.1 0.129145
0.1 0.150234
0.1 0.143363
0.395285 0.143058
0.1 0.146811
0.1 0.12197
0.1 0.158089
0.395285 0.143097
0.1 0.156465
0.1 0.145611
0.1 0.158099
0.1 0.159749
0.1 0.165954
0.1 0.161457
0.1 0.143389
0.1 0.145631
0.1 0.126059
0.1 0.175238
0.1 0.140177
0.1 0.126645
0.1 0.166009
0.1 0.159777
0.1 0.146697
0.1 0.17061
0.1 0.162763
0.1 0.165592
0.1 0.157914
0.1 0.168492
0.1 0.157535
0.1 0.145683
0.1 0.14332
0.1 0.159723
0.1 0.129356
0.1 0.169436
0.1 0.162887
0.1 0.13884
0.1 0.140094
0.1 0.195238
0.1 0.158076
0.395285 0.143216
0.1 0.157625
0.1 0.145789
0.1 0.137411
0.1 0.14577
0.1 0.154831
0.1 0.165391
0.1 0.157516
0.395285 0.143102
0.1 0.128835
0.1 0.15405
0.1 0.145515
0.1 0.127118
0.1 0.166329
0.1 0.165307
0.1 0.126239
0.1 0.201982
0.1 0.144008
0.1 0.169325
0.1 0.166124
0.1 0.168064
0.1 0.165789
0.1 0.201543
0.1 0.143304
0.1 0.151511
0.1 0.157351
0.1 0.161391
0.1 0.157274
0.1 0.143831
0.1 0.143265
0.1 0.194814
0.1 0.143828
0.1 0.149889
0.1 0.160378
0.1 0.169222
0.395285 0.141579
0.1 0.163356
0.1 0.148022
0.395285 0.142968
0.1 0.143313
0.1 0.121559
0.1 0.162686
0.1 0.142409
0.1 0.137188
0.1 0.165183
0.1 0.165717
0.1 0.19478
0.1 0.143262
0.1 0.14555
0.1 0.143245
0.1 0.145494
0.1 0.157839
